-1.0,0.04405577480792999,-1.0,-1.0,0.021193092688918114,-1.0,-1.0,-1.0,0.8940480947494507,-1.0,0.04474518820643425,0.036344461143016815,-1.0,0.01666666753590107,0.08067965507507324,0.2522425353527069,-1.0,0.9401830434799194,-1.0,0.5973676443099976
-1.0,0.519298255443573,-1.0,-1.0,0.8333333134651184,-1.0,-1.0,-1.0,0.9323077201843262,-1.0,0.23587460815906525,0.8095238208770752,-1.0,1.0,0.9305555820465088,0.7214465737342834,-1.0,0.9786632657051086,-1.0,0.760476291179657
-1.0,0.3907785415649414,-1.0,-1.0,0.8333333134651184,-1.0,-1.0,-1.0,0.9266392588615417,-1.0,0.5261494517326355,0.7555555701255798,-1.0,1.0,0.5229076743125916,0.7175753116607666,-1.0,1.0,-1.0,0.9015428423881531
-1.0,0.699999988079071,-1.0,-1.0,0.2261904776096344,-1.0,-1.0,-1.0,0.9591893553733826,-1.0,0.75,0.7066666483879089,-1.0,1.0,0.8240740895271301,0.6393697261810303,-1.0,0.9994157552719116,-1.0,0.8392397165298462
-1.0,0.3607006072998047,-1.0,-1.0,0.03380952402949333,-1.0,-1.0,-1.0,0.7550184726715088,-1.0,0.03830370679497719,0.039847780019044876,-1.0,0.018518518656492233,0.22729215025901794,0.44463667273521423,-1.0,0.9962825775146484,-1.0,0.7510856986045837
-1.0,0.5151515007019043,-1.0,-1.0,0.07571428269147873,-1.0,-1.0,-1.0,0.8905474543571472,-1.0,0.18691493570804596,0.0580357126891613,-1.0,0.0625,0.8244234919548035,0.7518884539604187,-1.0,0.9782863855361938,-1.0,0.7393629550933838
-1.0,0.8666666746139526,-1.0,-1.0,0.1190476194024086,-1.0,-1.0,-1.0,0.9410932064056396,-1.0,0.4016575515270233,0.9166666865348816,-1.0,1.0,0.9150793552398682,0.7571321129798889,-1.0,0.9980862140655518,-1.0,0.8085513114929199
-1.0,0.8666666746139526,-1.0,-1.0,0.09698276221752167,-1.0,-1.0,-1.0,0.900780200958252,-1.0,0.11913839727640152,0.8095238208770752,-1.0,1.0,0.9166666865348816,0.714198112487793,-1.0,0.9915804266929626,-1.0,0.8965875506401062
-1.0,0.2567901313304901,-1.0,-1.0,0.04304207116365433,-1.0,-1.0,-1.0,0.821229100227356,-1.0,0.03821464627981186,0.6884058117866516,-1.0,0.5,0.30328086018562317,0.49575671553611755,-1.0,0.9773098826408386,-1.0,0.7763466238975525
-1.0,0.3948863744735718,-1.0,-1.0,0.75,-1.0,-1.0,-1.0,0.8942058086395264,-1.0,0.05737622454762459,0.061469122767448425,-1.0,0.125,0.7934988141059875,0.7188451290130615,-1.0,0.9862387180328369,-1.0,0.8670459389686584
-1.0,0.41428571939468384,-1.0,-1.0,0.0773809552192688,-1.0,-1.0,-1.0,0.9199014902114868,-1.0,0.3753676414489746,0.6904761791229248,-1.0,1.0,1.0,0.7672616243362427,-1.0,0.9938026666641235,-1.0,0.8937895894050598
-1.0,1.0,-1.0,-1.0,1.0,-1.0,-1.0,-1.0,0.9583675265312195,-1.0,0.2884615361690521,0.7037037014961243,-1.0,1.0,0.9305555820465088,0.830707848072052,-1.0,0.9977869391441345,-1.0,0.8815441131591797
-1.0,0.08945620805025101,-1.0,-1.0,0.5476190447807312,-1.0,-1.0,-1.0,0.8185929656028748,-1.0,0.029295386746525764,0.13788336515426636,-1.0,0.022727273404598236,0.5919874906539917,0.5495502352714539,-1.0,0.9826551675796509,-1.0,0.752111554145813
-1.0,0.4756944477558136,-1.0,-1.0,0.1836158186197281,-1.0,-1.0,-1.0,0.8995116353034973,-1.0,0.06700639426708221,0.4407407343387604,-1.0,0.10000000149011612,0.9484127163887024,0.6639773845672607,-1.0,0.9892501831054688,-1.0,0.853829026222229
-1.0,0.46014493703842163,-1.0,-1.0,0.5833333134651184,-1.0,-1.0,-1.0,0.9275683760643005,-1.0,0.12271545827388763,0.11086956411600113,-1.0,1.0,0.8388888835906982,0.7217696309089661,-1.0,0.9928038120269775,-1.0,0.9198691248893738
-1.0,0.5777778029441833,-1.0,-1.0,0.5103092789649963,-1.0,-1.0,-1.0,0.9606040120124817,-1.0,0.7329545617103577,0.6784313917160034,-1.0,1.0,0.8655914068222046,0.8285179138183594,-1.0,0.9990052580833435,-1.0,0.8469080328941345
-1.0,0.343137264251709,-1.0,-1.0,0.017476746812462807,-1.0,-1.0,-1.0,0.8834981918334961,-1.0,0.06852332502603531,0.3691357970237732,-1.0,0.5,0.46819716691970825,0.6954449415206909,-1.0,0.9701449275016785,-1.0,0.72178715467453
-1.0,0.5151515007019043,-1.0,-1.0,0.020887166261672974,-1.0,-1.0,-1.0,0.844845712184906,-1.0,0.3452923893928528,0.2028130739927292,-1.0,0.5,0.7925925850868225,0.7431294918060303,-1.0,0.9958609342575073,-1.0,0.8192026019096375
-1.0,0.9166666865348816,-1.0,-1.0,0.32499998807907104,-1.0,-1.0,-1.0,0.905436635017395,-1.0,0.330879271030426,0.14523810148239136,-1.0,1.0,0.7387499809265137,0.818856418132782,-1.0,0.9951951503753662,-1.0,0.8982804417610168
-1.0,0.7121211886405945,-1.0,-1.0,0.6666666865348816,-1.0,-1.0,-1.0,0.9450801610946655,-1.0,0.3472222089767456,0.9166666865348816,-1.0,0.5,1.0,0.8550986051559448,-1.0,1.0,-1.0,0.9343950152397156
-1.0,0.19711539149284363,-1.0,-1.0,0.2638888955116272,-1.0,-1.0,-1.0,0.8279010653495789,-1.0,0.23004549741744995,0.40313389897346497,-1.0,0.0357142873108387,0.5763614177703857,0.548312783241272,-1.0,0.9494659900665283,-1.0,0.7556243538856506
-1.0,0.5138888955116272,-1.0,-1.0,0.5625,-1.0,-1.0,-1.0,0.8496827483177185,-1.0,0.290077269077301,0.6666666865348816,-1.0,1.0,0.7227668762207031,0.6972559690475464,-1.0,0.9950732588768005,-1.0,0.8701138496398926
-1.0,0.5873016119003296,-1.0,-1.0,0.5344827771186829,-1.0,-1.0,-1.0,0.8741891384124756,-1.0,0.7756410241127014,0.5526315569877625,-1.0,1.0,1.0,0.8016287684440613,-1.0,0.9918108582496643,-1.0,0.8711303472518921
-1.0,0.39224138855934143,-1.0,-1.0,0.29347825050354004,-1.0,-1.0,-1.0,0.9618538022041321,-1.0,0.3296568691730499,0.48055556416511536,-1.0,0.3333333432674408,0.8964646458625793,0.7653578519821167,-1.0,0.9971004724502563,-1.0,0.9266913533210754
-1.0,0.36106008291244507,-1.0,-1.0,0.529411792755127,-1.0,-1.0,-1.0,0.8091953992843628,-1.0,0.08673780411481857,0.05032467469573021,-1.0,0.3333333432674408,0.6605734825134277,0.6718571782112122,-1.0,0.9794509410858154,-1.0,0.7624170184135437
-1.0,0.5888888835906982,-1.0,-1.0,0.5123456716537476,-1.0,-1.0,-1.0,0.9167682528495789,-1.0,0.152809739112854,0.8095238208770752,-1.0,1.0,1.0,0.7192471623420715,-1.0,0.9879941344261169,-1.0,0.9244042634963989
-1.0,0.41093116998672485,-1.0,-1.0,0.06388889253139496,-1.0,-1.0,-1.0,0.936428964138031,-1.0,0.07749368995428085,0.49892473220825195,-1.0,0.3333333432674408,0.841269850730896,0.7533487677574158,-1.0,0.9914290308952332,-1.0,0.8978353142738342
-1.0,1.0,-1.0,-1.0,0.8333333134651184,-1.0,-1.0,-1.0,0.9072638750076294,-1.0,0.4214743673801422,0.48253968358039856,-1.0,1.0,1.0,0.8595446944236755,-1.0,0.9988641738891602,-1.0,0.9107944965362549
-1.0,0.08319795876741409,-1.0,-1.0,0.2666666805744171,-1.0,-1.0,-1.0,0.8427817225456238,-1.0,0.0455581471323967,0.13519009947776794,-1.0,1.0,0.507689893245697,0.6564090847969055,-1.0,0.9839279055595398,-1.0,0.8207686543464661
-1.0,0.37042734026908875,-1.0,-1.0,0.021338723599910736,-1.0,-1.0,-1.0,0.9091729521751404,-1.0,0.3634434938430786,0.04812585934996605,-1.0,0.10000000149011612,0.8468468189239502,0.7475382685661316,-1.0,0.976524293422699,-1.0,0.816575825214386
-1.0,0.7555555701255798,-1.0,-1.0,1.0,-1.0,-1.0,-1.0,0.9369205236434937,-1.0,0.15590277314186096,0.7166666388511658,-1.0,0.5,0.8734126687049866,0.6808792352676392,-1.0,0.9892193675041199,-1.0,0.8850281834602356
-1.0,0.5940170884132385,-1.0,-1.0,0.12631578743457794,-1.0,-1.0,-1.0,0.9702281951904297,-1.0,0.4327651560306549,0.6827957034111023,-1.0,1.0,0.8529411554336548,0.7090885043144226,-1.0,0.9976405501365662,-1.0,0.8875471949577332
-1.0,0.0988103374838829,-1.0,-1.0,0.022642390802502632,-1.0,-1.0,-1.0,0.783288300037384,-1.0,0.06435617804527283,0.35311630368232727,-1.0,1.0,0.739814817905426,0.5214473009109497,-1.0,0.9801493883132935,-1.0,0.7372127175331116
-1.0,0.06623376905918121,-1.0,-1.0,0.5208333134651184,-1.0,-1.0,-1.0,0.8559345602989197,-1.0,0.23854166269302368,0.3892773985862732,-1.0,0.014084506779909134,0.4835481345653534,0.6701277494430542,-1.0,0.9705179333686829,-1.0,0.8832963109016418
-1.0,0.4761904776096344,-1.0,-1.0,1.0,-1.0,-1.0,-1.0,0.9257000088691711,-1.0,0.19432471692562103,0.6666666865348816,-1.0,0.5,0.6941077709197998,0.6431498527526855,-1.0,0.9904124736785889,-1.0,0.8135926127433777
-1.0,0.7435897588729858,-1.0,-1.0,0.5416666865348816,-1.0,-1.0,-1.0,0.9391157627105713,-1.0,0.0768483430147171,0.6884058117866516,-1.0,1.0,0.8178571462631226,0.7691670060157776,-1.0,0.9962235689163208,-1.0,0.9004311561584473
-1.0,0.4572649598121643,-1.0,-1.0,0.14215686917304993,-1.0,-1.0,-1.0,0.8487354516983032,-1.0,0.052638135850429535,0.37812912464141846,-1.0,0.5,0.4488215446472168,0.6327788233757019,-1.0,0.9833787679672241,-1.0,0.7462450265884399
-1.0,0.7666666507720947,-1.0,-1.0,0.034285712987184525,-1.0,-1.0,-1.0,0.8618549108505249,-1.0,0.17915546894073486,0.06215488165616989,-1.0,0.0833333358168602,0.8492063283920288,0.6528910398483276,-1.0,0.9822054505348206,-1.0,0.8467572331428528
-1.0,0.579365074634552,-1.0,-1.0,0.03589743748307228,-1.0,-1.0,-1.0,0.9637677073478699,-1.0,0.14521104097366333,1.0,-1.0,1.0,0.9484127163887024,0.7809486389160156,-1.0,0.9918084740638733,-1.0,0.851006805896759
-1.0,0.6827957034111023,-1.0,-1.0,0.6000000238418579,-1.0,-1.0,-1.0,0.9435893297195435,-1.0,0.386904776096344,1.0,-1.0,0.25,0.8482142686843872,0.8331395387649536,-1.0,0.9920386672019958,-1.0,0.9267987012863159
-1.0,0.3626419007778168,-1.0,-1.0,0.032744280993938446,-1.0,-1.0,-1.0,0.853987455368042,-1.0,0.034570902585983276,0.4429824650287628,-1.0,0.02777777798473835,0.5877088308334351,0.5918359756469727,-1.0,0.9807685017585754,-1.0,0.7598713040351868
-1.0,0.48452380299568176,-1.0,-1.0,0.44999998807907104,-1.0,-1.0,-1.0,0.9258160591125488,-1.0,0.058072783052921295,0.5227272510528564,-1.0,1.0,0.8541666865348816,0.7220498919487,-1.0,0.9653234481811523,-1.0,0.8147333264350891
-1.0,0.6111111044883728,-1.0,-1.0,0.5243902206420898,-1.0,-1.0,-1.0,0.9693581461906433,-1.0,0.446524053812027,0.6845238208770752,-1.0,1.0,0.8263888955116272,0.7550235986709595,-1.0,0.9958767294883728,-1.0,0.8767507076263428
-1.0,0.4273504316806793,-1.0,-1.0,0.5769230723381042,-1.0,-1.0,-1.0,0.9742493629455566,-1.0,0.5109890103340149,0.6180555820465088,-1.0,1.0,0.8272947072982788,0.8331384062767029,-1.0,0.9968550205230713,-1.0,0.929275393486023
-1.0,0.3668348789215088,-1.0,-1.0,0.019300144165754318,-1.0,-1.0,-1.0,0.7586215734481812,-1.0,0.4354901909828186,0.45497074723243713,-1.0,0.03703703731298447,0.6037759184837341,0.6310989856719971,-1.0,0.9829266667366028,-1.0,0.8287845849990845
-1.0,0.08151927590370178,-1.0,-1.0,0.17499999701976776,-1.0,-1.0,-1.0,0.8912742137908936,-1.0,0.10158409923315048,0.6801801919937134,-1.0,0.10000000149011612,0.8450980186462402,0.6337631344795227,-1.0,0.9734002947807312,-1.0,0.8141385912895203
-1.0,0.605555534362793,-1.0,-1.0,1.0,-1.0,-1.0,-1.0,0.9496562480926514,-1.0,0.144793301820755,0.4384615421295166,-1.0,0.1428571492433548,0.855555534362793,0.7413029670715332,-1.0,0.9601971507072449,-1.0,0.8946519494056702
-1.0,0.8055555820465088,-1.0,-1.0,1.0,-1.0,-1.0,-1.0,0.9425839781761169,-1.0,0.2240835726261139,0.7166666388511658,-1.0,1.0,1.0,0.8449410200119019,-1.0,0.9967374801635742,-1.0,0.914610743522644
-1.0,0.3194444477558136,-1.0,-1.0,0.037012986838817596,-1.0,-1.0,-1.0,0.9050334095954895,-1.0,0.06198432296514511,0.4122605323791504,-1.0,0.0714285746216774,0.7955182194709778,0.5346048474311829,-1.0,0.9962599873542786,-1.0,0.7599502205848694
-1.0,0.47753623127937317,-1.0,-1.0,0.10989011079072952,-1.0,-1.0,-1.0,0.8585134744644165,-1.0,0.3201850950717926,0.5747863054275513,-1.0,0.0833333358168602,0.5679081678390503,0.6664504408836365,-1.0,0.9649385809898376,-1.0,0.844651997089386
-1.0,0.5396825671195984,-1.0,-1.0,0.5400000214576721,-1.0,-1.0,-1.0,0.8953163027763367,-1.0,0.3351190388202667,0.35814306139945984,-1.0,0.1666666716337204,0.6158319711685181,0.7793846130371094,-1.0,0.9959002733230591,-1.0,0.8862200975418091
-1.0,0.8666666746139526,-1.0,-1.0,1.0,-1.0,-1.0,-1.0,0.9452187418937683,-1.0,0.14562205970287323,0.9166666865348816,-1.0,1.0,0.8011363744735718,0.723858654499054,-1.0,0.9886971712112427,-1.0,0.8880446553230286
-1.0,0.3969697058200836,-1.0,-1.0,0.015944497659802437,-1.0,-1.0,-1.0,0.841920793056488,-1.0,0.11229027062654495,0.3707767426967621,-1.0,1.0,0.8833333253860474,0.6432895064353943,-1.0,0.998720109462738,-1.0,0.7169991135597229
-1.0,0.75,-1.0,-1.0,1.0,-1.0,-1.0,-1.0,0.9144099354743958,-1.0,0.1710186004638672,0.38491296768188477,-1.0,0.0714285746216774,0.875,0.721126139163971,-1.0,0.9802795648574829,-1.0,0.8773449659347534
-1.0,0.7011494040489197,-1.0,-1.0,0.09774436056613922,-1.0,-1.0,-1.0,0.9252858757972717,-1.0,0.1253700852394104,0.5782828330993652,-1.0,0.10000000149011612,0.7241161465644836,0.832760751247406,-1.0,0.9641231894493103,-1.0,0.8737219572067261
-1.0,0.6180555820465088,-1.0,-1.0,0.07402597367763519,-1.0,-1.0,-1.0,0.9453192949295044,-1.0,0.3650793731212616,0.4866666793823242,-1.0,0.3333333432674408,0.8603603839874268,0.8094618916511536,-1.0,0.995880126953125,-1.0,0.8742755055427551
-1.0,0.6866666674613953,-1.0,-1.0,0.058908045291900635,-1.0,-1.0,-1.0,0.8395761251449585,-1.0,0.06427845358848572,0.36675021052360535,-1.0,0.5,0.6749851703643799,0.6321476101875305,-1.0,0.9472206234931946,-1.0,0.8215327262878418
-1.0,0.4033816456794739,-1.0,-1.0,0.09375,-1.0,-1.0,-1.0,0.8670071363449097,-1.0,0.1379033327102661,0.6000000238418579,-1.0,0.25,0.7266616225242615,0.6524441838264465,-1.0,0.9753493070602417,-1.0,0.8306968808174133
-1.0,0.60317462682724,-1.0,-1.0,0.5769230723381042,-1.0,-1.0,-1.0,0.9450618028640747,-1.0,0.4348818361759186,0.7666666507720947,-1.0,0.1428571492433548,0.9484127163887024,0.6669493317604065,-1.0,0.9860504865646362,-1.0,0.8772132396697998
-1.0,0.6095238327980042,-1.0,-1.0,0.5416666865348816,-1.0,-1.0,-1.0,0.9389500617980957,-1.0,0.2373642474412918,0.8666666746139526,-1.0,0.125,0.8288113474845886,0.7886943817138672,-1.0,0.9871091246604919,-1.0,0.8289515376091003
-1.0,0.24393939971923828,-1.0,-1.0,0.2822580635547638,-1.0,-1.0,-1.0,0.8312658667564392,-1.0,0.11475352942943573,0.5555555820465088,-1.0,0.5,0.6087164878845215,0.7240337133407593,-1.0,0.9653944969177246,-1.0,0.797183096408844
-1.0,0.43966546654701233,-1.0,-1.0,0.04583333432674408,-1.0,-1.0,-1.0,0.8745490312576294,-1.0,0.383090078830719,0.4168734550476074,-1.0,1.0,0.783730149269104,0.6179584860801697,-1.0,0.9909201860427856,-1.0,0.8383325338363647
-1.0,0.632478654384613,-1.0,-1.0,0.8333333134651184,-1.0,-1.0,-1.0,0.8929082751274109,-1.0,0.28735682368278503,0.689393937587738,-1.0,0.3333333432674408,0.5842547416687012,0.7179425954818726,-1.0,0.9894748330116272,-1.0,0.8913611173629761
-1.0,0.7333333492279053,-1.0,-1.0,0.3333333432674408,-1.0,-1.0,-1.0,0.9025861024856567,-1.0,0.307686448097229,0.48792269825935364,-1.0,0.125,0.7632275223731995,0.7675567865371704,-1.0,0.9876226186752319,-1.0,0.9105154275894165
-1.0,0.35702306032180786,-1.0,-1.0,0.8333333134651184,-1.0,-1.0,-1.0,0.8847978115081787,-1.0,0.04868684709072113,0.40843215584754944,-1.0,0.3333333432674408,0.528030276298523,0.5889509916305542,-1.0,0.9869441390037537,-1.0,0.8777613043785095
-1.0,0.2777777910232544,-1.0,-1.0,0.5199999809265137,-1.0,-1.0,-1.0,0.8810371160507202,-1.0,0.09742259979248047,0.3596673607826233,-1.0,0.09090909361839294,0.6968669295310974,0.7564401626586914,-1.0,0.9919720888137817,-1.0,0.769513726234436
-1.0,0.7333333492279053,-1.0,-1.0,0.30882352590560913,-1.0,-1.0,-1.0,0.8668662905693054,-1.0,0.08591800183057785,0.699999988079071,-1.0,0.20000000298023224,0.9444444179534912,0.7060474753379822,-1.0,0.9730925559997559,-1.0,0.782191812992096
-1.0,0.7916666865348816,-1.0,-1.0,0.12083332985639572,-1.0,-1.0,-1.0,0.9209566712379456,-1.0,0.2268446832895279,0.6111111044883728,-1.0,1.0,0.8255555629730225,0.6889138221740723,-1.0,0.9906118512153625,-1.0,0.867079496383667
-1.0,0.10101009905338287,-1.0,-1.0,0.512499988079071,-1.0,-1.0,-1.0,0.8224805593490601,-1.0,0.23891222476959229,0.43518519401550293,-1.0,0.0833333358168602,0.5600014925003052,0.7343924045562744,-1.0,0.9941032528877258,-1.0,0.7663878202438354
-1.0,0.48120301961898804,-1.0,-1.0,0.26428571343421936,-1.0,-1.0,-1.0,0.91102135181427,-1.0,0.08917982876300812,0.46060606837272644,-1.0,0.0714285746216774,0.8477563858032227,0.7241064310073853,-1.0,0.951281726360321,-1.0,0.824521005153656
-1.0,0.8055555820465088,-1.0,-1.0,0.0839160829782486,-1.0,-1.0,-1.0,0.8827494382858276,-1.0,0.05665486678481102,0.6791666746139526,-1.0,0.5,0.7925925850868225,0.7826492786407471,-1.0,0.979891300201416,-1.0,0.8049542307853699
-1.0,0.2535885274410248,-1.0,-1.0,0.06397306174039841,-1.0,-1.0,-1.0,0.9071401357650757,-1.0,0.3072356581687927,0.4702380895614624,-1.0,0.0416666679084301,0.8476190567016602,0.7547518610954285,-1.0,0.9905247688293457,-1.0,0.8780337572097778
-1.0,0.4611110985279083,-1.0,-1.0,0.017476746812462807,-1.0,-1.0,-1.0,0.7958060503005981,-1.0,0.11680390685796738,0.3697640895843506,-1.0,0.5,0.8857142925262451,0.6216535568237305,-1.0,0.9920802712440491,-1.0,0.7966733574867249
-1.0,0.38730159401893616,-1.0,-1.0,0.261904776096344,-1.0,-1.0,-1.0,0.8962117433547974,-1.0,0.0653429701924324,0.3795776665210724,-1.0,0.10000000149011612,0.7602272629737854,0.783178985118866,-1.0,0.9720827341079712,-1.0,0.8332796096801758
-1.0,0.4571026861667633,-1.0,-1.0,0.75,-1.0,-1.0,-1.0,0.8877899050712585,-1.0,0.31366443634033203,0.5277777910232544,-1.0,0.5,0.8888888955116272,0.6510303616523743,-1.0,0.977541446685791,-1.0,0.8488099575042725
-1.0,0.44395604729652405,-1.0,-1.0,0.3125,-1.0,-1.0,-1.0,0.8960244059562683,-1.0,0.3500266969203949,0.362539678812027,-1.0,1.0,0.5943301320075989,0.6297836899757385,-1.0,0.9859480857849121,-1.0,0.8419340252876282
-1.0,0.37384045124053955,-1.0,-1.0,0.1348039209842682,-1.0,-1.0,-1.0,0.8168495297431946,-1.0,0.16203312575817108,0.3815920352935791,-1.0,0.032258063554763794,0.6790521740913391,0.7047685384750366,-1.0,0.9906140565872192,-1.0,0.728442370891571
-1.0,0.1514580249786377,-1.0,-1.0,0.5144927501678467,-1.0,-1.0,-1.0,0.7698259353637695,-1.0,0.0403905063867569,0.38425925374031067,-1.0,0.5,0.6834401488304138,0.6368358135223389,-1.0,0.9718790650367737,-1.0,0.8547144532203674
-1.0,0.5955555438995361,-1.0,-1.0,0.5153846144676208,-1.0,-1.0,-1.0,0.8338277339935303,-1.0,0.3961043655872345,0.39947089552879333,-1.0,0.1666666716337204,0.5846938490867615,0.7421326041221619,-1.0,0.9885647892951965,-1.0,0.8125745058059692
-1.0,0.4195804297924042,-1.0,-1.0,0.05624999850988388,-1.0,-1.0,-1.0,0.9255502820014954,-1.0,0.11201389133930206,0.5900382995605469,-1.0,1.0,0.6845523118972778,0.7664772272109985,-1.0,0.9814163446426392,-1.0,0.7674487233161926
-1.0,0.5709401965141296,-1.0,-1.0,0.07944915443658829,-1.0,-1.0,-1.0,0.8430688977241516,-1.0,0.0938948318362236,0.13838613033294678,-1.0,0.09090909361839294,0.4588010609149933,0.6774988770484924,-1.0,0.9947754740715027,-1.0,0.7922393083572388
-1.0,0.4201388955116272,-1.0,-1.0,0.11492536962032318,-1.0,-1.0,-1.0,0.9276349544525146,-1.0,0.07849591970443726,0.3636986315250397,-1.0,0.25,0.8888888955116272,0.705341637134552,-1.0,0.9875928163528442,-1.0,0.8072752952575684
-1.0,0.4058380424976349,-1.0,-1.0,0.13333334028720856,-1.0,-1.0,-1.0,0.9264610409736633,-1.0,0.3073625862598419,0.47385621070861816,-1.0,0.02083333395421505,0.857723593711853,0.6934221982955933,-1.0,0.9922010898590088,-1.0,0.856656014919281
-1.0,0.6805555820465088,-1.0,-1.0,0.699999988079071,-1.0,-1.0,-1.0,0.8770254850387573,-1.0,0.13072502613067627,0.4929824471473694,-1.0,1.0,0.8546099066734314,0.7098562717437744,-1.0,0.9776495695114136,-1.0,0.8098192811012268
-1.0,0.3829471170902252,-1.0,-1.0,0.05050504952669144,-1.0,-1.0,-1.0,0.841963529586792,-1.0,0.07967687398195267,0.5107526779174805,-1.0,0.014285714365541935,0.8972222208976746,0.5871896743774414,-1.0,0.9992928504943848,-1.0,0.7948943972587585
-1.0,0.11807747185230255,-1.0,-1.0,0.2884615361690521,-1.0,-1.0,-1.0,0.8580125570297241,-1.0,0.21877075731754303,0.5227272510528564,-1.0,0.5,0.8458333611488342,0.6861242055892944,-1.0,0.9944722056388855,-1.0,0.8014781475067139
-1.0,0.1500854641199112,-1.0,-1.0,0.14351852238178253,-1.0,-1.0,-1.0,0.87823885679245,-1.0,0.31570881605148315,0.43382352590560913,-1.0,0.0181818176060915,0.8008658289909363,0.6457794308662415,-1.0,0.9751753211021423,-1.0,0.8819476962089539
-1.0,0.6969696879386902,-1.0,-1.0,0.02666666731238365,-1.0,-1.0,-1.0,0.9024913907051086,-1.0,0.1683441549539566,0.6979166865348816,-1.0,0.0833333358168602,0.8436508178710938,0.6878724098205566,-1.0,0.9875089526176453,-1.0,0.7769426703453064
-1.0,0.05370555445551872,-1.0,-1.0,0.08814102411270142,-1.0,-1.0,-1.0,0.8627066016197205,-1.0,0.12018441408872604,0.07879496365785599,-1.0,1.0,0.9166666865348816,0.6052011847496033,-1.0,0.9911287426948547,-1.0,0.7119863629341125
-1.0,0.3708333373069763,-1.0,-1.0,0.0572192519903183,-1.0,-1.0,-1.0,0.8726111650466919,-1.0,0.051602888852357864,0.12108702957630157,-1.0,0.03333333507180214,0.8165445923805237,0.6677933931350708,-1.0,0.9903230667114258,-1.0,0.8351603746414185
-1.0,0.44155845046043396,-1.0,-1.0,0.07916666567325592,-1.0,-1.0,-1.0,0.8754714131355286,-1.0,0.10014975070953369,0.6944444179534912,-1.0,0.1666666716337204,1.0,0.7520880699157715,-1.0,0.9895271062850952,-1.0,0.7849770188331604
-1.0,0.3821428716182709,-1.0,-1.0,0.5161290168762207,-1.0,-1.0,-1.0,0.8900139927864075,-1.0,0.09189113229513168,0.4065976142883301,-1.0,1.0,0.9484127163887024,0.7567036151885986,-1.0,0.988185703754425,-1.0,0.8530872464179993
-1.0,0.08056022226810455,-1.0,-1.0,0.06492537260055542,-1.0,-1.0,-1.0,0.8712382316589355,-1.0,0.04487216845154762,0.15132275223731995,-1.0,0.027027027681469917,0.5797930359840393,0.6758320927619934,-1.0,0.9854035973548889,-1.0,0.8148130178451538
-1.0,0.8095238208770752,-1.0,-1.0,0.1269230842590332,-1.0,-1.0,-1.0,0.8756508231163025,-1.0,0.15728473663330078,0.3767361044883728,-1.0,0.1111111119389534,0.8490338325500488,0.6161559224128723,-1.0,0.9896525740623474,-1.0,0.7765002250671387
-1.0,0.3883277177810669,-1.0,-1.0,0.06162790581583977,-1.0,-1.0,-1.0,0.8950705528259277,-1.0,0.08216135948896408,0.7916666865348816,-1.0,1.0,0.8463203310966492,0.6968316435813904,-1.0,0.9827929139137268,-1.0,0.8726894855499268
-1.0,0.5526315569877625,-1.0,-1.0,0.023532668128609657,-1.0,-1.0,-1.0,0.8721610903739929,-1.0,0.4208333194255829,0.14306463301181793,-1.0,0.5,0.8459915518760681,0.6404471397399902,-1.0,0.9743503332138062,-1.0,0.8657450079917908
-1.0,0.14093567430973053,-1.0,-1.0,0.022501131519675255,-1.0,-1.0,-1.0,0.9092522263526917,-1.0,0.13177166879177094,0.40050503611564636,-1.0,0.0357142873108387,0.7832112312316895,0.5820241570472717,-1.0,0.9950180649757385,-1.0,0.7732556462287903
-1.0,0.42628204822540283,-1.0,-1.0,0.5384615659713745,-1.0,-1.0,-1.0,0.8965038657188416,-1.0,0.1508873850107193,0.605555534362793,-1.0,0.04545454680919647,0.8773809671401978,0.666321873664856,-1.0,0.9901235699653625,-1.0,0.8530117273330688
-1.0,0.5,-1.0,-1.0,0.16249999403953552,-1.0,-1.0,-1.0,0.8714768886566162,-1.0,0.039175376296043396,0.3760107755661011,-1.0,0.5,0.8611111044883728,0.6272618770599365,-1.0,0.9868985414505005,-1.0,0.8215389251708984
-1.0,0.75,-1.0,-1.0,0.5144927501678467,-1.0,-1.0,-1.0,0.8997915983200073,-1.0,0.14057865738868713,0.44611528515815735,-1.0,0.5,0.6560468673706055,0.7938490509986877,-1.0,0.9928120970726013,-1.0,0.8374963998794556
-1.0,0.6929824352264404,-1.0,-1.0,0.07125604152679443,-1.0,-1.0,-1.0,0.8634528517723083,-1.0,0.0850890576839447,0.08709315210580826,-1.0,0.3333333432674408,0.7271929979324341,0.5034297704696655,-1.0,0.9964849948883057,-1.0,0.8689481616020203
-1.0,0.3802308738231659,-1.0,-1.0,0.035574231296777725,-1.0,-1.0,-1.0,0.8905001282691956,-1.0,0.09482143074274063,0.09559386968612671,-1.0,1.0,0.8247863054275513,0.6360442638397217,-1.0,0.9857995510101318,-1.0,0.8201970458030701
-1.0,0.36000001430511475,-1.0,-1.0,0.02777777798473835,-1.0,-1.0,-1.0,0.8886936902999878,-1.0,0.2781357765197754,0.3781818151473999,-1.0,0.04545454680919647,0.7263245582580566,0.6580764651298523,-1.0,0.9826745390892029,-1.0,0.8796191811561584
-1.0,0.39869987964630127,-1.0,-1.0,0.2666666805744171,-1.0,-1.0,-1.0,0.8457826375961304,-1.0,0.05218711867928505,0.38791424036026,-1.0,1.0,0.744640052318573,0.7276157140731812,-1.0,0.9906128644943237,-1.0,0.8005762100219727
-1.0,0.3653000593185425,-1.0,-1.0,0.024722805246710777,-1.0,-1.0,-1.0,0.8211013674736023,-1.0,0.03231857717037201,0.38058552145957947,-1.0,0.5,0.9583333134651184,0.5961565971374512,-1.0,0.9935671091079712,-1.0,0.7030878663063049
-1.0,0.37566137313842773,-1.0,-1.0,0.049754299223423004,-1.0,-1.0,-1.0,0.8457337021827698,-1.0,0.08175504952669144,0.43939393758773804,-1.0,1.0,0.9150793552398682,0.6925174593925476,-1.0,0.9958724975585938,-1.0,0.8184766173362732
-1.0,0.6269841194152832,-1.0,-1.0,0.08166666328907013,-1.0,-1.0,-1.0,0.8769193887710571,-1.0,0.06182306259870529,0.8055555820465088,-1.0,0.1666666716337204,0.5949618816375732,0.6597076654434204,-1.0,0.9863055944442749,-1.0,0.8776189088821411
-1.0,0.46444445848464966,-1.0,-1.0,0.14347825944423676,-1.0,-1.0,-1.0,0.8644510507583618,-1.0,0.4541783034801483,0.3766666650772095,-1.0,0.01123595517128706,0.84375,0.6836977601051331,-1.0,0.9864979982376099,-1.0,0.8079209327697754
-1.0,0.3565234839916229,-1.0,-1.0,0.09774436056613922,-1.0,-1.0,-1.0,0.8600320219993591,-1.0,0.10738902539014816,0.4432772994041443,-1.0,0.0476190485060215,0.6580742001533508,0.6988490223884583,-1.0,0.9955884218215942,-1.0,0.7875914573669434
-1.0,0.3889424502849579,-1.0,-1.0,0.0669642835855484,-1.0,-1.0,-1.0,0.8341688513755798,-1.0,0.09079018980264664,0.7333333492279053,-1.0,1.0,1.0,0.5691269636154175,-1.0,0.9835095405578613,-1.0,0.7955101728439331
-1.0,0.5075757503509521,-1.0,-1.0,0.1180555522441864,-1.0,-1.0,-1.0,0.8602115511894226,-1.0,0.07676563411951065,0.6845238208770752,-1.0,0.25,0.6778206825256348,0.7050594687461853,-1.0,0.9762004017829895,-1.0,0.8304362297058105
-1.0,0.3749253749847412,-1.0,-1.0,0.34090909361839294,-1.0,-1.0,-1.0,0.8846268653869629,-1.0,0.07317115366458893,0.22399672865867615,-1.0,0.1428571492433548,0.6938760876655579,0.6237612366676331,-1.0,0.9945911765098572,-1.0,0.8374902009963989
-1.0,0.2613636255264282,-1.0,-1.0,0.2884615361690521,-1.0,-1.0,-1.0,0.8784133195877075,-1.0,0.04541594535112381,0.056978706270456314,-1.0,0.03999999910593033,0.9484127163887024,0.5693963170051575,-1.0,0.9985199570655823,-1.0,0.7757056355476379
-1.0,0.283643901348114,-1.0,-1.0,0.06219512224197388,-1.0,-1.0,-1.0,0.9032847881317139,-1.0,0.07527709007263184,0.3938679099082947,-1.0,1.0,0.846666693687439,0.6544259190559387,-1.0,0.9947087168693542,-1.0,0.7669503092765808
-1.0,0.07761567831039429,-1.0,-1.0,0.1964285671710968,-1.0,-1.0,-1.0,0.9227856993675232,-1.0,0.0692610815167427,0.4560723602771759,-1.0,0.0476190485060215,0.7406850457191467,0.5748904347419739,-1.0,0.9949958324432373,-1.0,0.8056403994560242
-1.0,0.36500975489616394,-1.0,-1.0,0.13596491515636444,-1.0,-1.0,-1.0,0.9018573760986328,-1.0,0.19666726887226105,0.6827957034111023,-1.0,1.0,0.8134920597076416,0.6487501263618469,-1.0,0.9824922680854797,-1.0,0.8237895369529724
-1.0,0.35609567165374756,-1.0,-1.0,0.01706167869269848,-1.0,-1.0,-1.0,0.8367722630500793,-1.0,0.035362616181373596,0.1643097698688507,-1.0,0.02222222276031971,0.5728132128715515,0.5965848565101624,-1.0,0.994369626045227,-1.0,0.7512637972831726
-1.0,0.4432772994041443,-1.0,-1.0,0.21212121844291687,-1.0,-1.0,-1.0,0.9061753153800964,-1.0,0.04345238208770752,0.24159663915634155,-1.0,0.5,0.7535353302955627,0.6991627812385559,-1.0,0.9892780780792236,-1.0,0.8024646043777466
-1.0,0.46296295523643494,-1.0,-1.0,0.14646464586257935,-1.0,-1.0,-1.0,0.8112715482711792,-1.0,0.04764917865395546,0.3850490152835846,-1.0,0.0357142873108387,0.7037037014961243,0.6626347899436951,-1.0,0.9965272545814514,-1.0,0.8281347155570984
-1.0,0.37112298607826233,-1.0,-1.0,0.08571428805589676,-1.0,-1.0,-1.0,0.8803371787071228,-1.0,0.07619047909975052,0.4474393427371979,-1.0,0.02631578966975212,0.8546099066734314,0.6807953119277954,-1.0,0.991864800453186,-1.0,0.8620714545249939
-1.0,0.1597222238779068,-1.0,-1.0,0.0634615421295166,-1.0,-1.0,-1.0,0.8477950692176819,-1.0,0.05236482247710228,0.3695189356803894,-1.0,1.0,1.0,0.487819641828537,-1.0,0.9970028400421143,-1.0,0.827950119972229
-1.0,0.0962301567196846,-1.0,-1.0,0.0344344899058342,-1.0,-1.0,-1.0,0.8595953583717346,-1.0,0.1439351588487625,0.7101449370384216,-1.0,1.0,0.6449847221374512,0.6381539106369019,-1.0,0.9962155818939209,-1.0,0.729972243309021
-1.0,0.38780662417411804,-1.0,-1.0,0.07393483817577362,-1.0,-1.0,-1.0,0.8463869690895081,-1.0,0.15918172895908356,0.3693957030773163,-1.0,0.0714285746216774,0.6112973093986511,0.5173900127410889,-1.0,0.9939900636672974,-1.0,0.8316502571105957
-1.0,0.3969392776489258,-1.0,-1.0,0.036231882870197296,-1.0,-1.0,-1.0,0.8630276918411255,-1.0,0.12568095326423645,0.38857144117355347,-1.0,0.1111111119389534,0.6079168915748596,0.721827507019043,-1.0,0.990825891494751,-1.0,0.8625566363334656
-1.0,0.3601127564907074,-1.0,-1.0,0.027984345331788063,-1.0,-1.0,-1.0,0.843610405921936,-1.0,0.30596795678138733,0.3815126121044159,-1.0,0.5,0.6121951341629028,0.5815990567207336,-1.0,0.9958479404449463,-1.0,0.7802715301513672
-1.0,0.12888430058956146,-1.0,-1.0,0.085317462682724,-1.0,-1.0,-1.0,0.8404363989830017,-1.0,0.09875793009996414,0.3735373616218567,-1.0,0.02631578966975212,0.3884437680244446,0.6232430338859558,-1.0,0.992944061756134,-1.0,0.7863826751708984
-1.0,0.7121211886405945,-1.0,-1.0,0.016551382839679718,-1.0,-1.0,-1.0,0.8864087462425232,-1.0,0.03577861189842224,0.5719490051269531,-1.0,0.0714285746216774,0.8463203310966492,0.7000905275344849,-1.0,0.9938258528709412,-1.0,0.8033418655395508
-1.0,0.1944444477558136,-1.0,-1.0,0.07631579041481018,-1.0,-1.0,-1.0,0.8785576820373535,-1.0,0.21480496227741241,0.40900564193725586,-1.0,1.0,0.8833333253860474,0.6462975740432739,-1.0,0.9931679964065552,-1.0,0.860942542552948
-1.0,0.23888888955116272,-1.0,-1.0,0.0870535746216774,-1.0,-1.0,-1.0,0.8762919902801514,-1.0,0.21603301167488098,0.36920133233070374,-1.0,0.25,0.6042022705078125,0.6872268319129944,-1.0,0.9959071278572083,-1.0,0.800582766532898
-1.0,0.7011494040489197,-1.0,-1.0,0.01838466338813305,-1.0,-1.0,-1.0,0.8024952411651611,-1.0,0.04524267092347145,0.3696126639842987,-1.0,0.5,0.5809323191642761,0.656054675579071,-1.0,0.9928138852119446,-1.0,0.8194981217384338
-1.0,0.3622828722000122,-1.0,-1.0,0.550000011920929,-1.0,-1.0,-1.0,0.8884377479553223,-1.0,0.14504419267177582,0.3953680694103241,-1.0,1.0,1.0,0.6270372867584229,-1.0,0.9892604947090149,-1.0,0.839801013469696
-1.0,0.37620773911476135,-1.0,-1.0,0.024242423474788666,-1.0,-1.0,-1.0,0.9301694631576538,-1.0,0.3264813721179962,0.13357843458652496,-1.0,0.02777777798473835,0.7212405800819397,0.6694862246513367,-1.0,0.9942513108253479,-1.0,0.7906050086021423
-1.0,0.6803653240203857,-1.0,-1.0,0.03452381119132042,-1.0,-1.0,-1.0,0.8930638432502747,-1.0,0.04247017577290535,0.07222222536802292,-1.0,0.5,0.7394179701805115,0.504942774772644,-1.0,0.9971418976783752,-1.0,0.8376935720443726
-1.0,0.11921568959951401,-1.0,-1.0,0.0597643107175827,-1.0,-1.0,-1.0,0.8568243384361267,-1.0,0.17290551960468292,0.12278911471366882,-1.0,1.0,0.8263888955116272,0.621554970741272,-1.0,0.9981324076652527,-1.0,0.7840384840965271
-1.0,0.06727045029401779,-1.0,-1.0,0.041459959000349045,-1.0,-1.0,-1.0,0.8893497586250305,-1.0,0.035867732018232346,0.4722222089767456,-1.0,1.0,0.5192239880561829,0.6423896551132202,-1.0,0.9937925338745117,-1.0,0.8297609090805054
-1.0,0.3795321583747864,-1.0,-1.0,0.051851850003004074,-1.0,-1.0,-1.0,0.9200825095176697,-1.0,0.05638674274086952,0.4476190507411957,-1.0,0.0714285746216774,0.7925724387168884,0.6084961891174316,-1.0,0.9934768676757812,-1.0,0.8590846657752991
-1.0,0.0596599280834198,-1.0,-1.0,0.51408451795578,-1.0,-1.0,-1.0,0.860682487487793,-1.0,0.16687901318073273,0.35508275032043457,-1.0,1.0,0.6730954051017761,0.5211384892463684,-1.0,0.9975289106369019,-1.0,0.8045250177383423
-1.0,0.17142857611179352,-1.0,-1.0,0.022627200931310654,-1.0,-1.0,-1.0,0.8591426014900208,-1.0,0.10497835278511047,0.4790123403072357,-1.0,0.05263157933950424,0.7781745791435242,0.5841583013534546,-1.0,0.9879330396652222,-1.0,0.8331635594367981
-1.0,0.38383838534355164,-1.0,-1.0,0.020408162847161293,-1.0,-1.0,-1.0,0.8985187411308289,-1.0,0.09652423858642578,0.48452380299568176,-1.0,0.5,0.8972222208976746,0.6761422753334045,-1.0,0.9872413873672485,-1.0,0.8147119283676147
-1.0,0.3648782968521118,-1.0,-1.0,0.02388888970017433,-1.0,-1.0,-1.0,0.8372412323951721,-1.0,0.5197888612747192,0.36277055740356445,-1.0,0.20000000298023224,0.7105938196182251,0.6306589245796204,-1.0,0.9808034896850586,-1.0,0.8357438445091248
-1.0,0.3583333194255829,-1.0,-1.0,0.5135135054588318,-1.0,-1.0,-1.0,0.8459617495536804,-1.0,0.04246245697140694,0.36569201946258545,-1.0,1.0,0.9150793552398682,0.6696361303329468,-1.0,0.9956077337265015,-1.0,0.8120048642158508
-1.0,0.39254385232925415,-1.0,-1.0,0.08834586292505264,-1.0,-1.0,-1.0,0.8515189290046692,-1.0,0.08229813724756241,0.421146959066391,-1.0,0.03703703731298447,0.797478973865509,0.5090147256851196,-1.0,0.9915904402732849,-1.0,0.797870397567749
-1.0,0.3578754663467407,-1.0,-1.0,0.5199999809265137,-1.0,-1.0,-1.0,0.8247652053833008,-1.0,0.298456609249115,0.39523810148239136,-1.0,0.5,0.7583333253860474,0.6634553074836731,-1.0,0.9948680400848389,-1.0,0.7498252391815186
-1.0,0.4101654887199402,-1.0,-1.0,0.06118880957365036,-1.0,-1.0,-1.0,0.8261004090309143,-1.0,0.06786616146564484,0.22204968333244324,-1.0,0.10000000149011612,0.8155555725097656,0.712300717830658,-1.0,0.9953327775001526,-1.0,0.8155094385147095
-1.0,1.0,-1.0,-1.0,0.1989247351884842,-1.0,-1.0,-1.0,0.8067333698272705,-1.0,0.03441547229886055,0.5213675498962402,-1.0,1.0,0.7620320916175842,0.6309821605682373,-1.0,0.9940415620803833,-1.0,0.8435436487197876
-1.0,0.12735043466091156,-1.0,-1.0,0.054411765187978745,-1.0,-1.0,-1.0,0.8191500902175903,-1.0,0.16041666269302368,0.37756597995758057,-1.0,0.5,0.9484127163887024,0.5391631126403809,-1.0,0.9951078295707703,-1.0,0.6773320436477661
-1.0,0.25555557012557983,-1.0,-1.0,0.6111111044883728,-1.0,-1.0,-1.0,0.8780743479728699,-1.0,0.03924069181084633,0.5161290168762207,-1.0,0.0714285746216774,0.8079364895820618,0.6844828724861145,-1.0,0.992739200592041,-1.0,0.7665836811065674
-1.0,0.3650793731212616,-1.0,-1.0,0.018405890092253685,-1.0,-1.0,-1.0,0.8153346180915833,-1.0,0.07354312390089035,0.4625000059604645,-1.0,1.0,0.6299707889556885,0.6105347871780396,-1.0,0.9947377443313599,-1.0,0.8065363168716431
-1.0,0.4523809552192688,-1.0,-1.0,0.01730496436357498,-1.0,-1.0,-1.0,0.8657776713371277,-1.0,0.11794585734605789,0.4543454349040985,-1.0,0.0416666679084301,0.749404788017273,0.6237595081329346,-1.0,0.9922741055488586,-1.0,0.7146831154823303
-1.0,0.16203702986240387,-1.0,-1.0,0.07454819232225418,-1.0,-1.0,-1.0,0.8666017651557922,-1.0,0.09507117420434952,0.3537002503871918,-1.0,0.3333333432674408,0.8631312847137451,0.5715615153312683,-1.0,0.9967819452285767,-1.0,0.8164553642272949
-1.0,0.41428571939468384,-1.0,-1.0,0.03238770738244057,-1.0,-1.0,-1.0,0.8691222071647644,-1.0,0.04357120767235756,0.4702380895614624,-1.0,0.5,0.7918300628662109,0.6524088978767395,-1.0,0.9984055757522583,-1.0,0.8288009762763977
-1.0,0.21016483008861542,-1.0,-1.0,0.26249998807907104,-1.0,-1.0,-1.0,0.8868304491043091,-1.0,0.0479290671646595,0.4339393973350525,-1.0,0.0476190485060215,1.0,0.6621093153953552,-1.0,0.9861141443252563,-1.0,0.8404175639152527
-1.0,0.41804569959640503,-1.0,-1.0,0.03201844170689583,-1.0,-1.0,-1.0,0.78852778673172,-1.0,0.056975942105054855,0.3745036721229553,-1.0,0.03999999910593033,0.6378664970397949,0.6179676651954651,-1.0,0.9857938289642334,-1.0,0.7710680365562439
-1.0,0.7333333492279053,-1.0,-1.0,0.04449760913848877,-1.0,-1.0,-1.0,0.8510755896568298,-1.0,0.15837325155735016,0.3792569637298584,-1.0,0.5,0.599750280380249,0.5645918846130371,-1.0,0.992790937423706,-1.0,0.835868239402771
-1.0,0.3830246925354004,-1.0,-1.0,0.046950239688158035,-1.0,-1.0,-1.0,0.8643342852592468,-1.0,0.042619358748197556,0.4046153724193573,-1.0,0.0625,0.6585858464241028,0.6784555315971375,-1.0,0.9978091716766357,-1.0,0.8090583682060242
-1.0,0.37532466650009155,-1.0,-1.0,0.03221714869141579,-1.0,-1.0,-1.0,0.8862555027008057,-1.0,0.07847841829061508,0.2199612408876419,-1.0,1.0,0.8474178314208984,0.5869741439819336,-1.0,0.9874221086502075,-1.0,0.8010132312774658
-1.0,0.3848932683467865,-1.0,-1.0,0.190476194024086,-1.0,-1.0,-1.0,0.836863100528717,-1.0,0.2762927711009979,0.10092592239379883,-1.0,0.024390242993831635,0.8436508178710938,0.5445739030838013,-1.0,0.9948340058326721,-1.0,0.7916743755340576
-1.0,0.2414141446352005,-1.0,-1.0,0.27439025044441223,-1.0,-1.0,-1.0,0.8464131355285645,-1.0,0.17271454632282257,0.40216803550720215,-1.0,0.043478261679410934,0.7442402243614197,0.6818628907203674,-1.0,0.9990052580833435,-1.0,0.7715250849723816
-1.0,0.20098039507865906,-1.0,-1.0,0.4166666567325592,-1.0,-1.0,-1.0,0.850938081741333,-1.0,0.18683110177516937,0.3655993938446045,-1.0,0.0357142873108387,0.9484127163887024,0.5214749574661255,-1.0,0.9893698692321777,-1.0,0.8161128163337708
-1.0,0.06371990591287613,-1.0,-1.0,0.038880813866853714,-1.0,-1.0,-1.0,0.8053861260414124,-1.0,0.038524944335222244,0.27008548378944397,-1.0,0.03703703731298447,0.4972940683364868,0.6748825311660767,-1.0,0.9749032258987427,-1.0,0.7792373299598694
-1.0,0.6805555820465088,-1.0,-1.0,0.17916665971279144,-1.0,-1.0,-1.0,0.8525912165641785,-1.0,0.04327769950032234,0.4583333432674408,-1.0,0.5,0.7006381154060364,0.6252682209014893,-1.0,0.9947711825370789,-1.0,0.7153695821762085
-1.0,0.1859627068042755,-1.0,-1.0,0.045812807977199554,-1.0,-1.0,-1.0,0.8578043580055237,-1.0,0.08823434263467789,0.36607956886291504,-1.0,0.029411764815449715,0.8020833134651184,0.6215208172798157,-1.0,0.9942999482154846,-1.0,0.7659041881561279
-1.0,0.6827957034111023,-1.0,-1.0,0.05626780539751053,-1.0,-1.0,-1.0,0.8277484178543091,-1.0,0.0924907848238945,0.3858024775981903,-1.0,0.5,0.6905133128166199,0.6664611101150513,-1.0,0.9948524832725525,-1.0,0.8333389759063721
-1.0,0.6858974099159241,-1.0,-1.0,0.08551307767629623,-1.0,-1.0,-1.0,0.8672965168952942,-1.0,0.05190255120396614,0.5169491767883301,-1.0,0.05000000074505806,0.7022058963775635,0.6228963136672974,-1.0,0.9959056973457336,-1.0,0.8186666369438171
-1.0,0.4285714328289032,-1.0,-1.0,0.02777777798473835,-1.0,-1.0,-1.0,0.8257378935813904,-1.0,0.0493820495903492,0.44227007031440735,-1.0,1.0,0.737500011920929,0.6674838662147522,-1.0,0.992999792098999,-1.0,0.7877147793769836
-1.0,0.1546485275030136,-1.0,-1.0,0.06118880957365036,-1.0,-1.0,-1.0,0.855183482170105,-1.0,0.06939385086297989,0.12878787517547607,-1.0,0.024390242993831635,0.7236471772193909,0.574871838092804,-1.0,0.9987021088600159,-1.0,0.8240958452224731
-1.0,0.7777777910232544,-1.0,-1.0,0.26538461446762085,-1.0,-1.0,-1.0,0.7911490201950073,-1.0,0.06465116888284683,0.6904761791229248,-1.0,0.20000000298023224,0.855555534362793,0.6056322455406189,-1.0,0.9937430024147034,-1.0,0.8127994537353516
-1.0,0.3653353750705719,-1.0,-1.0,0.015164148062467575,-1.0,-1.0,-1.0,0.8604723215103149,-1.0,0.06048956513404846,0.6790123581886292,-1.0,0.5,0.6649831533432007,0.6142423152923584,-1.0,0.9985604286193848,-1.0,0.8166788220405579
-1.0,0.37124720215797424,-1.0,-1.0,0.0525641031563282,-1.0,-1.0,-1.0,0.8266777992248535,-1.0,0.1255420744419098,0.5747863054275513,-1.0,0.05263157933950424,0.8819444179534912,0.5726331472396851,-1.0,0.9784522652626038,-1.0,0.7578643560409546
-1.0,0.13976608216762543,-1.0,-1.0,0.023137254640460014,-1.0,-1.0,-1.0,0.8687039613723755,-1.0,0.058677490800619125,0.17045454680919647,-1.0,0.5,0.8069444298744202,0.5720338225364685,-1.0,0.9981328248977661,-1.0,0.7753000855445862
-1.0,0.8333333134651184,-1.0,-1.0,0.14038461446762085,-1.0,-1.0,-1.0,0.9001327157020569,-1.0,0.06884827464818954,0.4661835730075836,-1.0,0.20000000298023224,0.5999354124069214,0.4462500512599945,-1.0,0.9982007741928101,-1.0,0.8086204528808594
-1.0,0.5181818008422852,-1.0,-1.0,0.07548701018095016,-1.0,-1.0,-1.0,0.8281366229057312,-1.0,0.045418985188007355,0.2666666805744171,-1.0,0.5,0.7413489818572998,0.6298582553863525,-1.0,0.9981111288070679,-1.0,0.7352780699729919
-1.0,0.53125,-1.0,-1.0,0.02386363595724106,-1.0,-1.0,-1.0,0.8518340587615967,-1.0,0.058140624314546585,0.6790123581886292,-1.0,1.0,0.7344444394111633,0.4969843626022339,-1.0,0.9921422600746155,-1.0,0.6914387941360474
-1.0,0.20673635601997375,-1.0,-1.0,0.5161290168762207,-1.0,-1.0,-1.0,0.8038095831871033,-1.0,0.08645833283662796,0.48279568552970886,-1.0,0.5,0.7235449552536011,0.5754337906837463,-1.0,0.9930343627929688,-1.0,0.7931731939315796
-1.0,0.20612244307994843,-1.0,-1.0,0.04583333432674408,-1.0,-1.0,-1.0,0.8481668829917908,-1.0,0.3282875120639801,0.44312170147895813,-1.0,0.07692307978868484,0.7311868667602539,0.4925875663757324,-1.0,0.9931050539016724,-1.0,0.8309505581855774
-1.0,0.5199999809265137,-1.0,-1.0,0.028861789032816887,-1.0,-1.0,-1.0,0.8842707872390747,-1.0,0.05105162411928177,0.6805555820465088,-1.0,0.06666667014360428,0.5597217679023743,0.5375632047653198,-1.0,0.994735062122345,-1.0,0.8131194710731506
-1.0,0.08154711872339249,-1.0,-1.0,0.017521368339657784,-1.0,-1.0,-1.0,0.834855854511261,-1.0,0.04430348798632622,0.5535714030265808,-1.0,0.03030303120613098,0.6807189583778381,0.6415966749191284,-1.0,0.9955875873565674,-1.0,0.7484322190284729
-1.0,0.3741789758205414,-1.0,-1.0,0.023399949073791504,-1.0,-1.0,-1.0,0.8192039132118225,-1.0,0.05639846622943878,0.38765183091163635,-1.0,0.1428571492433548,0.7457837462425232,0.5729862451553345,-1.0,0.9979873299598694,-1.0,0.7987368106842041
-1.0,0.35057470202445984,-1.0,-1.0,0.03761214762926102,-1.0,-1.0,-1.0,0.855962872505188,-1.0,0.0727643296122551,0.061505213379859924,-1.0,0.043478261679410934,0.6561228632926941,0.6870710849761963,-1.0,0.9984055757522583,-1.0,0.8171258568763733
-1.0,0.4566666781902313,-1.0,-1.0,0.08592132478952408,-1.0,-1.0,-1.0,0.8146553635597229,-1.0,0.11141221970319748,0.3663446009159088,-1.0,0.20000000298023224,0.6014050245285034,0.6058741807937622,-1.0,0.9944353699684143,-1.0,0.8251242637634277
-1.0,0.43939393758773804,-1.0,-1.0,0.07881136983633041,-1.0,-1.0,-1.0,0.8189913630485535,-1.0,0.05223313719034195,0.38324421644210815,-1.0,0.011363636702299118,0.7850427627563477,0.5181438326835632,-1.0,0.9853214025497437,-1.0,0.7505589127540588
-1.0,0.38127660751342773,-1.0,-1.0,0.05756578966975212,-1.0,-1.0,-1.0,0.8133537769317627,-1.0,0.038658712059259415,0.39589443802833557,-1.0,0.02857142873108387,0.6668357253074646,0.615918755531311,-1.0,0.9930940270423889,-1.0,0.7215691208839417
-1.0,0.699999988079071,-1.0,-1.0,0.0317540317773819,-1.0,-1.0,-1.0,0.8404653668403625,-1.0,0.17318181693553925,0.41591590642929077,-1.0,0.3333333432674408,0.7533730268478394,0.6354213356971741,-1.0,0.9949823617935181,-1.0,0.819323718547821
-1.0,0.10398336499929428,-1.0,-1.0,0.2142857164144516,-1.0,-1.0,-1.0,0.8821181058883667,-1.0,0.05217687040567398,0.5138888955116272,-1.0,0.07692307978868484,0.5838369727134705,0.6613795161247253,-1.0,0.9913575053215027,-1.0,0.799015998840332
-1.0,0.36848485469818115,-1.0,-1.0,0.5142857432365417,-1.0,-1.0,-1.0,0.8482085466384888,-1.0,0.04364091902971268,0.6765676736831665,-1.0,0.014925372786819935,0.515440821647644,0.5920042991638184,-1.0,0.9988357424736023,-1.0,0.753697395324707
-1.0,0.21575190126895905,-1.0,-1.0,0.03767876699566841,-1.0,-1.0,-1.0,0.8293682932853699,-1.0,0.05704130977392197,0.6180555820465088,-1.0,0.5,0.6236110925674438,0.5489714741706848,-1.0,0.9894686937332153,-1.0,0.718209445476532
-1.0,0.35588309168815613,-1.0,-1.0,0.042069993913173676,-1.0,-1.0,-1.0,0.8385486006736755,-1.0,0.13348683714866638,0.07220873981714249,-1.0,0.25,0.7704952359199524,0.5952524542808533,-1.0,0.9886023998260498,-1.0,0.7884008884429932
-1.0,0.3655504882335663,-1.0,-1.0,0.10989011079072952,-1.0,-1.0,-1.0,0.8090124726295471,-1.0,0.10148661583662033,0.36916035413742065,-1.0,0.07692307978868484,0.7935897707939148,0.5132580399513245,-1.0,0.9878695011138916,-1.0,0.7442679405212402
-1.0,0.3929292857646942,-1.0,-1.0,0.036666665226221085,-1.0,-1.0,-1.0,0.8296409845352173,-1.0,0.07645955681800842,0.20636792480945587,-1.0,0.03703703731298447,0.6357526779174805,0.5771828889846802,-1.0,0.9924567937850952,-1.0,0.7571936845779419
-1.0,0.1840277761220932,-1.0,-1.0,0.026754075661301613,-1.0,-1.0,-1.0,0.8666449785232544,-1.0,0.07307372242212296,0.5476190447807312,-1.0,0.1111111119389534,0.7258312106132507,0.5435537099838257,-1.0,0.9906481504440308,-1.0,0.7452471852302551
-1.0,0.23961840569972992,-1.0,-1.0,0.10795454680919647,-1.0,-1.0,-1.0,0.8866584300994873,-1.0,0.044699929654598236,0.20432233810424805,-1.0,0.25,0.8263888955116272,0.5266847610473633,-1.0,0.9957738518714905,-1.0,0.7870984673500061
-1.0,0.22756409645080566,-1.0,-1.0,0.1388888955116272,-1.0,-1.0,-1.0,0.8601280450820923,-1.0,0.03760454058647156,0.6787148714065552,-1.0,0.125,0.5465838313102722,0.5904190540313721,-1.0,0.9943906664848328,-1.0,0.7594234943389893
-1.0,0.08442265540361404,-1.0,-1.0,0.8333333134651184,-1.0,-1.0,-1.0,0.8214964270591736,-1.0,0.03824987635016441,0.632478654384613,-1.0,1.0,0.5159149169921875,0.6336005926132202,-1.0,0.995598554611206,-1.0,0.7808079719543457
-1.0,0.3642105162143707,-1.0,-1.0,0.040740739554166794,-1.0,-1.0,-1.0,0.8350217938423157,-1.0,0.043891292065382004,0.397549033164978,-1.0,0.07692307978868484,0.6250466704368591,0.5761327147483826,-1.0,0.9989725947380066,-1.0,0.811775267124176
-1.0,0.3772946894168854,-1.0,-1.0,0.036413706839084625,-1.0,-1.0,-1.0,0.8362123966217041,-1.0,0.08022437244653702,0.42965367436408997,-1.0,0.5,0.7978354692459106,0.5056129693984985,-1.0,0.9950798749923706,-1.0,0.757762610912323
-1.0,0.4474393427371979,-1.0,-1.0,0.5161290168762207,-1.0,-1.0,-1.0,0.8482102751731873,-1.0,0.10392909497022629,0.35930222272872925,-1.0,0.1111111119389534,0.7098214030265808,0.6505461931228638,-1.0,0.9930331707000732,-1.0,0.7666900157928467
-1.0,0.37421777844429016,-1.0,-1.0,0.06107954680919647,-1.0,-1.0,-1.0,0.8742004632949829,-1.0,0.08448635041713715,0.5725046992301941,-1.0,0.5,0.6957114934921265,0.5183165073394775,-1.0,0.9933745265007019,-1.0,0.8083410859107971
-1.0,0.4044657051563263,-1.0,-1.0,0.024785801768302917,-1.0,-1.0,-1.0,0.7880716919898987,-1.0,0.05120021849870682,0.05156448110938072,-1.0,0.021739130839705467,0.6124768257141113,0.5551616549491882,-1.0,0.9892961382865906,-1.0,0.8109760284423828
-1.0,0.7777777910232544,-1.0,-1.0,0.03758170083165169,-1.0,-1.0,-1.0,0.8513706922531128,-1.0,0.032102566212415695,0.3806161880493164,-1.0,0.20000000298023224,0.6569873690605164,0.4593161344528198,-1.0,0.9994460344314575,-1.0,0.735593318939209
-1.0,0.22036035358905792,-1.0,-1.0,0.03919414058327675,-1.0,-1.0,-1.0,0.8113248944282532,-1.0,0.04486285150051117,0.39281129837036133,-1.0,0.5,0.976190447807312,0.557490885257721,-1.0,0.9961757063865662,-1.0,0.7797249555587769
